rise_t              =  -9.964647e-10 targ=  8.108424e-10 trig=  1.807307e-09
fall_t              =  9.964647e-10 targ=  1.807307e-09 trig=  8.108424e-10
delay_01            =  1.248347e-09 targ=  2.548347e-09 trig=  1.300000e-09
delay_10            =  3.776853e-10 targ=  9.776853e-10 trig=  6.000000e-10
